4 -4
3.99899 -3.99899
3.99597 -3.99597
3.99094 -3.99094
3.98391 -3.98391
3.97488 -3.97488
3.96386 -3.96386
3.95086 -3.95086
3.9359 -3.9359
3.91899 -3.91899
3.90014 -3.90014
3.87939 -3.87939
3.85674 -3.85674
3.83222 -3.83222
3.80585 -3.80585
3.77767 -3.77767
3.7477 -3.7477
3.71597 -3.71597
3.68251 -3.68251
3.64735 -3.64735
3.61054 -3.61054
3.57211 -3.57211
3.53209 -3.53209
3.49053 -3.49053
3.44747 -3.44747
3.40295 -3.40295
3.35702 -3.35702
3.30972 -3.30972
3.26111 -3.26111
3.21122 -3.21122
3.16011 -3.16011
3.10784 -3.10784
3.05445 -3.05445
3 -3
2.94454 -2.94454
2.88813 -2.88813
2.83083 -2.83083
2.77269 -2.77269
2.71377 -2.71377
2.65414 -2.65414
2.59384 -2.59384
2.53295 -2.53295
2.47152 -2.47152
2.40961 -2.40961
2.3473 -2.3473
2.28463 -2.28463
2.22168 -2.22168
2.1585 -2.1585
2.09516 -2.09516
2.03173 -2.03173
1.96827 -1.96827
1.90484 -1.90484
1.8415 -1.8415
1.77832 -1.77832
1.71537 -1.71537
1.6527 -1.6527
1.59039 -1.59039
1.52848 -1.52848
1.46705 -1.46705
1.40616 -1.40616
1.34586 -1.34586
1.28623 -1.28623
1.22731 -1.22731
1.16917 -1.16917
1.11187 -1.11187
1.05546 -1.05546
1 -1
0.945549 -0.945549
0.89216 -0.89216
0.839886 -0.839886
0.788781 -0.788781
0.738895 -0.738895
0.690279 -0.690279
0.642981 -0.642981
0.59705 -0.59705
0.552532 -0.552532
0.509471 -0.509471
0.467911 -0.467911
0.427894 -0.427894
0.389459 -0.389459
0.352647 -0.352647
0.317493 -0.317493
0.284033 -0.284033
0.252301 -0.252301
0.222329 -0.222329
0.194147 -0.194147
0.167783 -0.167783
0.143264 -0.143264
0.120615 -0.120615
0.0998578 -0.0998578
0.0810141 -0.0810141
0.0641026 -0.0641026
0.0491404 -0.0491404
0.0361426 -0.0361426
0.0251222 -0.0251222
0.0160904 -0.0160904
0.00905615 -0.00905615
0.00402665 -0.00402665
0.00100692 -0.00100692
-1e-05 1e-05
0.00100692 -0.00100692
0.00402665 -0.00402665
0.00905615 -0.00905615
0.0160904 -0.0160904
0.0251222 -0.0251222
0.0361426 -0.0361426
0.0491404 -0.0491404
0.0641026 -0.0641026
0.0810141 -0.0810141
0.0998578 -0.0998578
0.120615 -0.120615
0.143264 -0.143264
0.167783 -0.167783
0.194147 -0.194147
0.222329 -0.222329
0.252301 -0.252301
0.284033 -0.284033
0.317493 -0.317493
0.352647 -0.352647
0.389459 -0.389459
0.427894 -0.427894
0.467911 -0.467911
0.509471 -0.509471
0.552532 -0.552532
0.59705 -0.59705
0.642981 -0.642981
0.690279 -0.690279
0.738895 -0.738895
0.788781 -0.788781
0.839886 -0.839886
0.89216 -0.89216
0.945549 -0.945549
1 -1
1.05546 -1.05546
1.11187 -1.11187
1.16917 -1.16917
1.22731 -1.22731
1.28623 -1.28623
1.34586 -1.34586
1.40616 -1.40616
1.46705 -1.46705
1.52848 -1.52848
1.59039 -1.59039
1.6527 -1.6527
1.71537 -1.71537
1.77832 -1.77832
1.8415 -1.8415
1.90484 -1.90484
1.96827 -1.96827
2.03173 -2.03173
2.09516 -2.09516
2.1585 -2.1585
2.22168 -2.22168
2.28463 -2.28463
2.3473 -2.3473
2.40961 -2.40961
2.47152 -2.47152
2.53295 -2.53295
2.59384 -2.59384
2.65414 -2.65414
2.71377 -2.71377
2.77269 -2.77269
2.83083 -2.83083
2.88813 -2.88813
2.94454 -2.94454
3 -3
3.05445 -3.05445
3.10784 -3.10784
3.16011 -3.16011
3.21122 -3.21122
3.26111 -3.26111
3.30972 -3.30972
3.35702 -3.35702
3.40295 -3.40295
3.44747 -3.44747
3.49053 -3.49053
3.53209 -3.53209
3.57211 -3.57211
3.61054 -3.61054
3.64735 -3.64735
3.68251 -3.68251
3.71597 -3.71597
3.7477 -3.7477
3.77767 -3.77767
3.80585 -3.80585
3.83222 -3.83222
3.85674 -3.85674
3.87939 -3.87939
3.90014 -3.90014
3.91899 -3.91899
3.9359 -3.9359
3.95086 -3.95086
3.96386 -3.96386
3.97488 -3.97488
3.98391 -3.98391
3.99094 -3.99094
3.99597 -3.99597
3.99899 -3.99899
4 -4
4.00101 -4.00101
4.00403 -4.00403
4.00906 -4.00906
4.01609 -4.01609
4.02512 -4.02512
4.03614 -4.03614
4.04914 -4.04914
4.0641 -4.0641
4.08101 -4.08101
4.09986 -4.09986
4.12061 -4.12061
4.14326 -4.14326
4.16778 -4.16778
4.19415 -4.19415
4.22233 -4.22233
4.2523 -4.2523
4.28403 -4.28403
4.31749 -4.31749
4.35265 -4.35265
4.38946 -4.38946
4.42789 -4.42789
4.46791 -4.46791
4.50947 -4.50947
4.55253 -4.55253
4.59705 -4.59705
4.64298 -4.64298
4.69028 -4.69028
4.73889 -4.73889
4.78878 -4.78878
4.83989 -4.83989
4.89216 -4.89216
4.94555 -4.94555
5 -5
5.05546 -5.05546
5.11187 -5.11187
5.16917 -5.16917
5.22731 -5.22731
5.28623 -5.28623
5.34586 -5.34586
5.40616 -5.40616
5.46705 -5.46705
5.52848 -5.52848
5.59039 -5.59039
5.6527 -5.6527
5.71537 -5.71537
5.77832 -5.77832
5.8415 -5.8415
5.90484 -5.90484
5.96827 -5.96827
6.03173 -6.03173
6.09516 -6.09516
6.1585 -6.1585
6.22168 -6.22168
6.28463 -6.28463
6.3473 -6.3473
6.40961 -6.40961
6.47152 -6.47152
6.53295 -6.53295
6.59384 -6.59384
6.65414 -6.65414
6.71377 -6.71377
6.77269 -6.77269
6.83083 -6.83083
6.88813 -6.88813
6.94454 -6.94454
7 -7
7.05445 -7.05445
7.10784 -7.10784
7.16011 -7.16011
7.21122 -7.21122
7.26111 -7.26111
7.30972 -7.30972
7.35702 -7.35702
7.40295 -7.40295
7.44747 -7.44747
7.49053 -7.49053
7.53209 -7.53209
7.57211 -7.57211
7.61054 -7.61054
7.64735 -7.64735
7.68251 -7.68251
7.71597 -7.71597
7.7477 -7.7477
7.77767 -7.77767
7.80585 -7.80585
7.83222 -7.83222
7.85674 -7.85674
7.87939 -7.87939
7.90014 -7.90014
7.91899 -7.91899
7.9359 -7.9359
7.95086 -7.95086
7.96386 -7.96386
7.97488 -7.97488
7.98391 -7.98391
7.99094 -7.99094
7.99597 -7.99597
7.99899 -7.99899
8 -8
7.99799 -7.99799
7.99195 -7.99195
7.98189 -7.98189
7.96782 -7.96782
7.94976 -7.94976
7.92771 -7.92771
7.90172 -7.90172
7.87179 -7.87179
7.83797 -7.83797
7.80028 -7.80028
7.75877 -7.75877
7.71347 -7.71347
7.66443 -7.66443
7.61171 -7.61171
7.55534 -7.55534
7.4954 -7.4954
7.43193 -7.43193
7.36501 -7.36501
7.29471 -7.29471
7.22108 -7.22108
7.14421 -7.14421
7.06418 -7.06418
6.98106 -6.98106
6.89494 -6.89494
6.8059 -6.8059
6.71404 -6.71404
6.61944 -6.61944
6.52221 -6.52221
6.42244 -6.42244
6.32023 -6.32023
6.21568 -6.21568
6.1089 -6.1089
6 -6
5.88908 -5.88908
5.77627 -5.77627
5.66166 -5.66166
5.54538 -5.54538
5.42754 -5.42754
5.30827 -5.30827
5.18768 -5.18768
5.0659 -5.0659
4.94304 -4.94304
4.81923 -4.81923
4.69459 -4.69459
4.56926 -4.56926
4.44335 -4.44335
4.317 -4.317
4.19033 -4.19033
4.06346 -4.06346
3.93654 -3.93654
3.80967 -3.80967
3.683 -3.683
3.55665 -3.55665
3.43074 -3.43074
3.30541 -3.30541
3.18077 -3.18077
3.05696 -3.05696
2.9341 -2.9341
2.81232 -2.81232
2.69173 -2.69173
2.57246 -2.57246
2.45462 -2.45462
2.33834 -2.33834
2.22373 -2.22373
2.11092 -2.11092
2 -2
1.8911 -1.8911
1.78432 -1.78432
1.67977 -1.67977
1.57756 -1.57756
1.47779 -1.47779
1.38056 -1.38056
1.28596 -1.28596
1.1941 -1.1941
1.10506 -1.10506
1.01894 -1.01894
0.935822 -0.935822
0.855788 -0.855788
0.778919 -0.778919
0.705294 -0.705294
0.634986 -0.634986
0.568066 -0.568066
0.504602 -0.504602
0.444658 -0.444658
0.388294 -0.388294
0.335566 -0.335566
0.286528 -0.286528
0.24123 -0.24123
0.199716 -0.199716
0.162028 -0.162028
0.128205 -0.128205
0.0982809 -0.0982809
0.0722852 -0.0722852
0.0502444 -0.0502444
0.0321807 -0.0321807
0.0181123 -0.0181123
0.00805329 -0.00805329
0.00201383 -0.00201383
-1e-05 1e-05
0.00302075 -0.00302075
0.0120799 -0.0120799
0.0271685 -0.0271685
0.0482711 -0.0482711
0.0753667 -0.0753667
0.108428 -0.108428
0.147421 -0.147421
0.192308 -0.192308
0.243042 -0.243042
0.299573 -0.299573
0.361844 -0.361844
0.429792 -0.429792
0.503349 -0.503349
0.582441 -0.582441
0.666987 -0.666987
0.756904 -0.756904
0.8521 -0.8521
0.952479 -0.952479
1.05794 -1.05794
1.16838 -1.16838
1.28368 -1.28368
1.40373 -1.40373
1.52841 -1.52841
1.6576 -1.6576
1.79115 -1.79115
1.92894 -1.92894
2.07084 -2.07084
2.21668 -2.21668
2.36634 -2.36634
2.51966 -2.51966
2.67648 -2.67648
2.83665 -2.83665
3 -3
3.16637 -3.16637
3.3356 -3.3356
3.50751 -3.50751
3.68193 -3.68193
3.85868 -3.85868
4.03759 -4.03759
4.21848 -4.21848
4.40116 -4.40116
4.58545 -4.58545
4.77116 -4.77116
4.95811 -4.95811
5.14611 -5.14611
5.33497 -5.33497
5.5245 -5.5245
5.71451 -5.71451
5.9048 -5.9048
6.0952 -6.0952
6.28549 -6.28549
6.4755 -6.4755
6.66503 -6.66503
6.85389 -6.85389
7.04189 -7.04189
7.22884 -7.22884
7.41455 -7.41455
7.59884 -7.59884
7.78152 -7.78152
7.96241 -7.96241
8.14132 -8.14132
8.31807 -8.31807
8.49249 -8.49249
8.6644 -8.6644
8.83363 -8.83363
9 -9
9.16335 -9.16335
9.32352 -9.32352
9.48034 -9.48034
9.63366 -9.63366
9.78332 -9.78332
9.92916 -9.92916
10.0711 -10.0711
10.2088 -10.2088
10.3424 -10.3424
10.4716 -10.4716
10.5963 -10.5963
10.7163 -10.7163
10.8316 -10.8316
10.9421 -10.9421
11.0475 -11.0475
11.1479 -11.1479
11.2431 -11.2431
11.333 -11.333
11.4176 -11.4176
11.4967 -11.4967
11.5702 -11.5702
11.6382 -11.6382
11.7004 -11.7004
11.757 -11.757
11.8077 -11.8077
11.8526 -11.8526
11.8916 -11.8916
11.9246 -11.9246
11.9517 -11.9517
11.9728 -11.9728
11.9879 -11.9879
11.997 -11.997
12 -12
11.998 -11.998
11.9919 -11.9919
11.9819 -11.9819
11.9678 -11.9678
11.9498 -11.9498
11.9277 -11.9277
11.9017 -11.9017
11.8718 -11.8718
11.838 -11.838
11.8003 -11.8003
11.7588 -11.7588
11.7135 -11.7135
11.6644 -11.6644
11.6117 -11.6117
11.5553 -11.5553
11.4954 -11.4954
11.4319 -11.4319
11.365 -11.365
11.2947 -11.2947
11.2211 -11.2211
11.1442 -11.1442
11.0642 -11.0642
10.9811 -10.9811
10.8949 -10.8949
10.8059 -10.8059
10.714 -10.714
10.6194 -10.6194
10.5222 -10.5222
10.4224 -10.4224
10.3202 -10.3202
10.2157 -10.2157
10.1089 -10.1089
10 -10
9.88908 -9.88908
9.77627 -9.77627
9.66166 -9.66166
9.54538 -9.54538
9.42754 -9.42754
9.30827 -9.30827
9.18768 -9.18768
9.0659 -9.0659
8.94304 -8.94304
8.81923 -8.81923
8.69459 -8.69459
8.56926 -8.56926
8.44335 -8.44335
8.317 -8.317
8.19033 -8.19033
8.06346 -8.06346
7.93654 -7.93654
7.80967 -7.80967
7.683 -7.683
7.55665 -7.55665
7.43074 -7.43074
7.30541 -7.30541
7.18077 -7.18077
7.05696 -7.05696
6.9341 -6.9341
6.81232 -6.81232
6.69173 -6.69173
6.57246 -6.57246
6.45462 -6.45462
6.33834 -6.33834
6.22373 -6.22373
6.11092 -6.11092
6 -6
5.8911 -5.8911
5.78432 -5.78432
5.67977 -5.67977
5.57756 -5.57756
5.47779 -5.47779
5.38056 -5.38056
5.28596 -5.28596
5.1941 -5.1941
5.10506 -5.10506
5.01894 -5.01894
4.93582 -4.93582
4.85579 -4.85579
4.77892 -4.77892
4.70529 -4.70529
4.63499 -4.63499
4.56807 -4.56807
4.5046 -4.5046
4.44466 -4.44466
4.38829 -4.38829
4.33557 -4.33557
4.28653 -4.28653
4.24123 -4.24123
4.19972 -4.19972
4.16203 -4.16203
4.12821 -4.12821
4.09828 -4.09828
4.07229 -4.07229
4.05024 -4.05024
4.03218 -4.03218
4.01811 -4.01811
4.00805 -4.00805
4.00201 -4.00201
4 -4
4.00101 -4.00101
4.00403 -4.00403
4.00906 -4.00906
4.01609 -4.01609
4.02512 -4.02512
4.03614 -4.03614
4.04914 -4.04914
4.0641 -4.0641
4.08101 -4.08101
4.09986 -4.09986
4.12061 -4.12061
4.14326 -4.14326
4.16778 -4.16778
4.19415 -4.19415
4.22233 -4.22233
4.2523 -4.2523
4.28403 -4.28403
4.31749 -4.31749
4.35265 -4.35265
4.38946 -4.38946
4.42789 -4.42789
4.46791 -4.46791
4.50947 -4.50947
4.55253 -4.55253
4.59705 -4.59705
4.64298 -4.64298
4.69028 -4.69028
4.73889 -4.73889
4.78878 -4.78878
4.83989 -4.83989
4.89216 -4.89216
4.94555 -4.94555
5 -5
5.05546 -5.05546
5.11187 -5.11187
5.16917 -5.16917
5.22731 -5.22731
5.28623 -5.28623
5.34586 -5.34586
5.40616 -5.40616
5.46705 -5.46705
5.52848 -5.52848
5.59039 -5.59039
5.6527 -5.6527
5.71537 -5.71537
5.77832 -5.77832
5.8415 -5.8415
5.90484 -5.90484
5.96827 -5.96827
6.03173 -6.03173
6.09516 -6.09516
6.1585 -6.1585
6.22168 -6.22168
6.28463 -6.28463
6.3473 -6.3473
6.40961 -6.40961
6.47152 -6.47152
6.53295 -6.53295
6.59384 -6.59384
6.65414 -6.65414
6.71377 -6.71377
6.77269 -6.77269
6.83083 -6.83083
6.88813 -6.88813
6.94454 -6.94454
7 -7
7.05445 -7.05445
7.10784 -7.10784
7.16011 -7.16011
7.21122 -7.21122
7.26111 -7.26111
7.30972 -7.30972
7.35702 -7.35702
7.40295 -7.40295
7.44747 -7.44747
7.49053 -7.49053
7.53209 -7.53209
7.57211 -7.57211
7.61054 -7.61054
7.64735 -7.64735
7.68251 -7.68251
7.71597 -7.71597
7.7477 -7.7477
7.77767 -7.77767
7.80585 -7.80585
7.83222 -7.83222
7.85674 -7.85674
7.87939 -7.87939
7.90014 -7.90014
7.91899 -7.91899
7.9359 -7.9359
7.95086 -7.95086
7.96386 -7.96386
7.97488 -7.97488
7.98391 -7.98391
7.99094 -7.99094
7.99597 -7.99597
7.99899 -7.99899
8 -8
8.00101 -8.00101
8.00403 -8.00403
8.00906 -8.00906
8.01609 -8.01609
8.02512 -8.02512
8.03614 -8.03614
8.04914 -8.04914
8.0641 -8.0641
8.08101 -8.08101
8.09986 -8.09986
8.12061 -8.12061
8.14326 -8.14326
8.16778 -8.16778
8.19415 -8.19415
8.22233 -8.22233
8.2523 -8.2523
8.28403 -8.28403
8.31749 -8.31749
8.35265 -8.35265
8.38946 -8.38946
8.42789 -8.42789
8.46791 -8.46791
8.50947 -8.50947
8.55253 -8.55253
8.59705 -8.59705
8.64298 -8.64298
8.69028 -8.69028
8.73889 -8.73889
8.78878 -8.78878
8.83989 -8.83989
8.89216 -8.89216
8.94555 -8.94555
9 -9
9.05546 -9.05546
9.11187 -9.11187
9.16917 -9.16917
9.22731 -9.22731
9.28623 -9.28623
9.34586 -9.34586
9.40616 -9.40616
9.46705 -9.46705
9.52848 -9.52848
9.59039 -9.59039
9.6527 -9.6527
9.71537 -9.71537
9.77832 -9.77832
9.8415 -9.8415
9.90484 -9.90484
9.96827 -9.96827
10.0317 -10.0317
10.0952 -10.0952
10.1585 -10.1585
10.2217 -10.2217
10.2846 -10.2846
10.3473 -10.3473
10.4096 -10.4096
10.4715 -10.4715
10.5329 -10.5329
10.5938 -10.5938
10.6541 -10.6541
10.7138 -10.7138
10.7727 -10.7727
10.8308 -10.8308
10.8881 -10.8881
10.9445 -10.9445
11 -11
11.0545 -11.0545
11.1078 -11.1078
11.1601 -11.1601
11.2112 -11.2112
11.2611 -11.2611
11.3097 -11.3097
11.357 -11.357
11.4029 -11.4029
11.4475 -11.4475
11.4905 -11.4905
11.5321 -11.5321
11.5721 -11.5721
11.6105 -11.6105
11.6474 -11.6474
11.6825 -11.6825
11.716 -11.716
11.7477 -11.7477
11.7777 -11.7777
11.8059 -11.8059
11.8322 -11.8322
11.8567 -11.8567
11.8794 -11.8794
11.9001 -11.9001
11.919 -11.919
11.9359 -11.9359
11.9509 -11.9509
11.9639 -11.9639
11.9749 -11.9749
11.9839 -11.9839
11.9909 -11.9909
11.996 -11.996
11.999 -11.999
12 -12
